 6  2 10  5  9  6 10  9  9  4  9  1
 4  2  1  4  2  6  6  5  3  2  6  1
 9  9 10  5  9  8 10  9  9  4  9  5
 9  9 10  9  9  8 10 10  9  9  9 10
 9  9 10  9  9  8 10 10  9  9  9 10
 1  9  9  5  4  6  2  1  6  4  1 10
 9  9 10  9  9  8 10 10  9  9  9 10
 9  9 10  9  9  8 10 10  9  9 10 10
 1  7  6  5  8  8  4 10  2  7  4  9
 4  7  7  7  8  8  4 10  5  7 10  9
 9  9 10  9 10  8 10 10  9  9 10 10
 9  9 10  9 10  8 10 10  9  9 10 10
 9  9 10  9 10  8 10 10 10  9 10 10
 9  8 10  7  6  8  7  9  6  5  2  5
 9  8 10  8  8  9 10 10  6  7 10  9
 8  1  1  5  7  4  9 10  1  7  2  6
 1  1  1  5  4  4  2  1  1  4  1  5
 1  1  1  3  4  4  2  1  1  1  1  5
 1  1  1  3  4  3  2  1  1  1  1  5
 1  1  1  3  2  1  2  1  1  1  1  5
k3>k8>k12>k10>k9>k11>k7>k4>k5>k1>k6>k2
{k3,k5,k7,k8} < {k2,k10,k11,k12} < {k1,k4,k6,k9}